B     0 
S   41  1.00
6.952256783236300663	-0.071233442860371374935
8.632814724958780923	0.83840216975206961936
10.719611257047566545	-4.9425361317048802073
13.310845785905543175	18.244871123187432937
16.528455303794152860	-39.023879832226612472
20.523852437595935036	63.508695841591085723
25.485050546950895469	-85.769343284586027580
31.64551116099916770	103.36237864783944923
39.29513009189372984	-114.74497197848035322
48.79387920400710825	120.75234472039718413
60.58874578624657853	-122.06716908922034872
75.23476665181682605	120.12252534436730851
93.42114677736388458	-115.76327516150088023
116.00369155909394965	110.01028160307373732
144.04507886642669532	-103.39096092066287015
178.86486599493478345	96.476004863133615890
222.1015847202445568	-89.519897921237309027
275.7898464902598909	82.797636452957079217
342.4560861325013507	-76.399541224611465772
425.2374495350866482	70.431627189348672335
528.0294198571806152	-64.894517942094918295
655.6691291877986258	59.799534767948973158
814.1629818394672403	-55.096079984872314289
1010.9693006575486002	50.738123942125136614
1255.3492969710302839	-46.641090177044049293
1558.802879949639749	42.721379426800195874
1935.609813461635337	-38.874108545432927453
2403.501685915558287	35.002223819545361169
2984.496314299881077	-31.013538079280938639
3705.933847380088725	26.851628521004349058
4601.763324468761602	-22.509957296967116918
5714.140231994785685	18.062341413435114914
7095.410234873558504	-13.671035063344534945
8810.572432096795582	9.5804702729370689776
10940.33805116658717	-6.0675490758602924369
13584.92851585566052	3.3626130631177222732
16868.79161482851651	-1.5582322470259578212
20946.45770217995238	0.56348795144162778824
26009.81150798774058	-0.14073866513709409816
32297.12175202995380	0.018210226313085239681
 3.327 1.4044775502059545368       
SP   3   1.00
      4.7279710             -0.1303938              0.0745976        
      1.1903377             -0.1307889              0.3078467        
      0.3594117              1.1309444              0.7434568        
SP   1   1.00
      0.1267512              1.0000000              1.0000000  
****
