N     0 
S   51   1.00
3.194850898945799465255412	0.0007330261911283169066570371
4.074764230960113707772844	-0.007486395200575010302893810
5.19701984946798862871508	0.04005249131928505825963576
6.62836271864502287535653	-0.1514766414717011583049064
8.45392043950357828414120	0.4580300749198513829633833
10.78226612379264877777940	-1.162886393772186178594762
13.75187566481442791666593	2.360707842869042325091498
17.53936344449960751482676	-2.480632722916440826839208
22.36998628669614150844832	2.817664649656608599712345
28.53104036816714382105662	-2.373072365000105285981795
36.3889478543890106247821	2.314387313841668625854483
46.4110494697150561281007	-1.859809466394282088210068
59.1933990919316381140942	1.734215293524668886624467
75.4962134252769238885503	-1.400401270495798698422245
96.2890850836754671979615	1.283621843033543857760279
122.8086480844225824893401	-1.054141480756407773512870
156.6321253464739453378332	0.9559707693843363651883858
199.771132352896929952280	-0.7975781114191422540769694
254.791315850947626712104	0.7164256998229520848479892
324.964942974734831148790	-0.6041907588654889367365884
414.465515866913334971574	0.5372045273868706291703430
528.615986297888635887489	-0.4550021760991539811486368
674.205332584092050983695	0.3995036232119167325198193
859.892326882210524711881	-0.3371496080142729341009216
1096.720506491510018224170	0.2907497567789176292564825
1398.77497653698128481589	-0.2416955265134286747246155
1784.02010667717814032079	0.2022885158053430847435862
2275.36794296112720161386	-0.1621879301187612580327022
2902.04087749779697036531	0.1279722214137805807972604
3701.30961927332721709890	-0.09388435268744275540871185
4720.70983008944964121805	0.06343701968995427074006150
6020.86925769759362097324	-0.03346213127328917082887389
7679.11350687722275745508	0.005906606389927823840402766
9794.06489787391858818145	0.02084434221098158583916038
12491.5079244315335059991	-0.04551807474710170523444928
15931.8701533219624860756	0.06865992475004579142926329
20319.7634839480180020250	-0.08910365408908333821477548
25916.1532243278298155627	0.1065333327388342108042555
33053.8787263650010453125	-0.1195936277558414407430041
42157.4486537471752305699	0.1273741495798498137540341
53768.2881850633929699992	-0.1285519438680726538442048
68576.9397028028603752333	0.1224638858918650381792423
87464.1320701051560320808	-0.1089635888671088406779267
111553.161046994479869231	0.08927200305714519554661815
142276.696115870178408718	-0.06589188876521932740349841
181461.986981435305244662	0.04253937157559656910145846
231439.537311392553876416	-0.02297983486377997477512649
295181.708973524159692069	0.009712807167893524903685499
376479.500109341302393482	-0.002844187552050513150088532
480168.010732983354649500	0.0004357219491754198162380857
 5.939 0.9340761260622232437       
SP   3   1.00
     11.6263580             -0.1149610              0.0675800        
      2.7162800             -0.1691180              0.3239070        
      0.7722180              1.1458520              0.7408950        
SP   1   1.00
      0.2120313              1.0000000              1.0000000  
****
