F     0 
S   51 1.   
6.23576595628945076099010	0.0005323668581475018517550644
8.02969924155478145495166	-0.006025248302960010677959137
10.33971934831747121828729	0.03710155724017592885144366
13.31429646190208370441074	-0.1659523771249350072289706
17.14461334042540039200759	0.5479247876691650525148692
22.07685306045082487374150	-0.3004221161828512438233209
28.42802175675334658714726	0.6016272168275521074278337
36.6063233192502205650178	-0.2899623705763301722710512
47.1373955746726314516782	0.4916852012494988747852024
60.6980942113548802552969	-0.2524311106808891782926974
78.1599958159355720243882	0.3714691865788520661793497
100.6454160599370099768699	-0.2127294583133967710768413
129.5995434510064770299993	0.2750752298241952339673745
166.8833248471726553678754	-0.1750387045604298538088625
214.893072694930618102598	0.2034436156468401030979135
276.714481417231317754675	-0.1410456848226036596149384
356.320951930869678780145	0.1509790744913481744066578
458.828971055849166234551	-0.1115514973041229340379025
590.826959625470829614846	0.1122363700397952407137931
760.798725104452402441942	-0.08662161200740095918429548
979.668734966790704290693	0.08312100339193135978778828
1261.504256779169624994081	-0.06583752481683491062144462
1624.41949311152709192228	0.06074598882109200666541589
2091.73982205803234365512	-0.04854301778692108924165486
2693.50097172403882370302	0.04308386312043564487462844
3468.37948399352278562410	-0.03401126535673333272655649
4466.17854282313853396307	0.02868210284793572889255110
5751.02893683563944381290	-0.02154009964368333052868458
7405.51088927449868234919	0.01647599667132585647927725
9535.96167459703259149105	-0.01050703206868044234442276
12279.3101541563053179461	0.005686668905623319345619872
15811.8775019445343956045	-0.0004186373478930155649618856
20360.7097628260821358161	-0.004202689197069011333864850
26218.1706122539337477903	0.009009303461455820502953440
33760.7322269420341146719	-0.01338246653997897452664122
43473.1719979945919107552	0.01770231297473357021741541
55979.7302636408251810078	-0.02154663890975742911411142
72084.2316391024513224517	0.02498958891875272326385973
92821.748631659646662191	-0.02764580374063005351670818
119525.128077598651755950	0.02937326204626858268576523
153910.656204699041626862	-0.02979551882231968370161368
198188.368206406885706041	0.02872970089198123332358170
255204.092172008405966551	-0.02601028968174883194334817
328622.356855519618082640	0.02179926191323720487376559
423161.919176786062449356	-0.01653349389866848302637528
544899.049336768169619337	0.01101886260091767759537941
701658.066363174671899844	-0.006168932829646745953243484
903514.22468390911115523	0.002713623246785849607613901
1163441.27337892384955138	-0.0008298603181506854138370695
1498145.30819935004677450	0.0001336141303640321841804030
 9.252 0.6979041632143501421   
SP   3   1.00
     20.8479528             -0.108506975            0.0716287243     
      4.80830834            -0.146451658            0.3459121030     
      1.34406986             1.128688580            0.7224699570     
SP   1   1.00
      0.358151393            1.0000000              1.0000000   
****
