N     0 
S   6   1.00
   4173.5110000              0.0018348        
    627.4579000              0.0139950        
    142.9021000              0.0685870        
     40.2343300              0.2322410        
     12.8202100              0.4690700        
      4.3904370              0.3604550        
SP   3   1.00
     11.6263580             -0.1149610              0.0675800        
      2.7162800             -0.1691180              0.3239070        
      0.7722180              1.1458520              0.7408950        
SP   1   1.00
      0.2120313              1.0000000              1.0000000   
****
