Li     0 
S 41 1.
12.48354503831812659458474040384524769132	0.2015230625136444798657209498385024827439
14.30732530670599744717962447178168855963	-3.079174277149080156099318920748895607374
16.39755027947481716696041687275014198824	22.54848728165020963995405909139565787517
18.79314612647256050225952149838181172151	-104.6370379882103586188941403548806700233
21.53872592621575264490634041761071279677	352.4554221576533045814332616380429663874
24.68542049333359591747389111628139455052	-934.7516208201513612626819319365339929728
28.29183058553164658371924319460736562461	2059.223853508580166470934289696585379750
32.4251182229844086665947349097234680130	-3911.765838713351641908239691662299136214
37.1622574437509975234391553721758584250	6584.925640329494540870733066387769006909
42.5914677879782323664981818718855888415	-10026.14879489114732921575622416688793404
48.8138572066058730938677315212790003984	14026.08594446983606799229979370615851573
55.9453049903922209648357267899723340795	-18248.91893934254748848810349298923477871
64.1186197849664147796360293675398096726	22291.62248389009571830603114260307180780
73.4860128805290085415842086226712436582	-25752.93049516663917277848572431272915732
84.2219328361686437317474214398477249602	28294.84192567874324960512410599459019020
96.5263142278816578009821285755649159913	-29685.93806044973853582679064241486616625
110.6283010215893947889542466204665949555	29822.78145628422806489192210234526483084
126.7905139113689208845723577787445553473	-28730.93345588570873073083532427187062924
145.3139410933536420342633891947113655784	26550.00208548698455044959178837573094863
166.5435435559760113851452803471008933123	-23507.97913615479054057966835742940773261
190.874679273631649319694301728253767499	19889.72035689240175213312679225536760793
218.760465941247426376524549413451985134	-16003.50919003040034628285856618360259151
250.720219365642983433616251038523192276	12148.75231533287230373753959480292735895
287.349124661485405231259722733287333054	-8587.244620461387146847186312532178473372
329.329320358103726264038238082449067916	5520.143373750663953655950809053741480451
377.442601836008175967883243854326164368	-3072.652502684154831680131733662839479745
432.584980668666576619325329669419055684	1288.170910853806390314410764503926486141
495.783371007534160466896155325599084001	-133.0010439529075597000014061078442537418
568.214713760168179008852033646513268016	-488.5672952020249468939084871009254157767
651.227894710174540027251573550694208017	710.8660038545568875142646658884968410052
746.368864759192386241818301777169532751	-679.3151484984281203600077612879689056024
855.409430104103642358305033516643936399	524.4619150724864344994419151481466553723
980.380248507700549608152854169618643031	-343.4057031050848950097825878603042692575
1123.608646150941933241625911767396936668	192.5013983252711081112254672008795584541
1287.761959328412728257829920945079573713	-91.60631353386299141535131921450768650849
1475.89720813751885267117721895363516163	36.20470964986716318886779482412437729378
1691.51802723239675633851004751395936318	-11.44433778250944815684733296753141208277
1938.63991386152130852398396059422020294	2.716227144358726361010998155759557132699
2221.86500830041259619418245919408353496	-0.4304033463618712831497840195394134751350
2546.46779931222651166223281957404984775	0.03414111922926920640456509991137660949945
 1.404 2.7202997849324030129     
SP   3   1.00
      2.3249184             -0.0350917              0.0089415        
      0.6324306             -0.1912328              0.1410095        
      0.0790534              1.0839878              0.9453637        
SP   1   1.00
      0.0359620              1.0000000              1.0000000         
SP   1   1.00
      0.0074000              1.0000000              1.0000000       
****
