Be     0 
S   41  1.00
5.013952683492006521	0.056238251997072782481
6.761076171417630165	-0.39816679912049195451
9.116988907018303818	1.0765985811381328406
12.293824921257573853	0.94370878227517447231
16.577636842158149387	-3.3418310775572908554
22.354153002072134670	6.1113573615534390215
30.14350966895691956	-7.8019118399714548638
40.64708580451574534	8.9150252903103095047
54.81065750287057869	-9.1439206339753968281
73.90955874045036990	8.9969379529508612348
99.66351658748103324	-8.4416039284333313538
134.39150101632146710	7.7735203380410879120
181.22053248609358970	-6.9887961899361126464
244.3672490164007475	6.2264420707203133027
329.5175859635332373	-5.4756932569717035105
444.3387560988053233	4.7933030406861912879
599.1696303373725906	-4.1648921169556185803
807.9516832396087308	3.6095010466400721532
1089.4843286402131118	-3.1137415559377960769
1469.117679900423532	2.6810862332802342614
1981.035156411831029	-2.3005752100845567203
2671.331469651668464	1.9701273601348732830
3602.163140646384550	-1.6813133691455792145
4857.345274910189764	1.4304592660580518311
6549.898546643446513	-1.2113769959203720293
8832.225947148704016	1.0203829793013691882
11909.83564492961835	-0.85297583279822661543
16059.84560834604459	0.70617717188244523683
21655.93620712268995	-0.57682588657786362910
29201.99760595745104	0.46286238764120613582
39377.50167078304223	-0.36248357384328967179
53098.68382141735652	0.27469947110718179493
71601.04384323635233	-0.19906675924501674868
96550.5942987836519	0.13575423128644769652
130193.8737074557289	-0.085158016618795284617
175560.2321669652787	0.047630922302606309859
236734.6038706406594	-0.022674837778515378284
319225.3278435494756	0.0085458039120693039645
430460.1366706224475	-0.0022543006236856084324
580454.9736520387922	0.00031480388094230445516
 2.279 1.8635981181904917914
SP   3   1.00
      3.1964631             -0.1126487              0.0559802        
      0.7478133             -0.2295064              0.2615506        
      0.2199663              1.1869167              0.7939723        
SP   1   1.00
      0.0823099              1.0000000              1.0000000        
SP   1   1.00
     0.0207000              1.0000000              1.0000000   
****     
