O     0 
S 51 1.0
6.30284783480365849314291	0.001521518917999686238670682
7.95730891231707372649608	-0.01759593911049619870418506
10.04605644711922333503645	0.1072174753009993171987832
12.68308812071970475516095	-0.4526111286885095529681776
16.01232534623764982626018	1.344517492929836787894374
20.21546807475902831524637	-1.486254455686476585483709
25.52191144290131868799420	1.967576990326656996683959
32.2212654829691191043645	-1.723760612398490689579155
40.6791611845650213438341	1.837339707683919880497260
51.3572055558922700117985	-1.493922471813837068776100
64.8381747731550494843338	1.448128844695512548257506
81.8578203858654352420388	-1.135755699469259867245041
103.3450244669579887877546	1.026392084290152247876060
130.4724952574026423494017	-0.7585266576865941548469014
164.7207701241162368046570	0.6103066198566984378623828
207.959018923894597370396	-0.3638398430026997414788363
262.547057782709481425824	0.1841412828627795824868087
331.464140901643718476677	0.05023482027478384118326573
418.471559466473330051649	-0.2370304191998717606383083
528.317921829937889987893	0.4383782436595924253951058
666.998318553752505051934	-0.5903697435898151085975085
842.081516774173075974710	0.7253606965120705994266794
1063.123041194812854514003	-0.8073016766917725503790800
1342.186686449275955952521	0.8565757993470068216999488
1694.50292344061430001765	-0.8558059780611113632693554
2139.30013353422003414376	0.8190646241383681538668180
2700.85403691540091757639	-0.7387224980855385945434404
3409.81258981702107166217	0.6249432216472754551907815
4304.86865960126238820800	-0.4769891389014315429482788
5434.87176736937220196976	0.3061828243520431171308283
6861.49415078429342467908	-0.1198516164938817019857934
8662.59665295380824590037	-0.06679520614913854645430395
10936.4781376646824726311	0.2412311540752535602607288
13807.2403515213444719193	-0.3885429479294682908094120
17431.5610313456439703617	0.4983559351432584560499859
22007.2449130681940000533	-0.5623184278444494434771563
27784.0193309628393966860	0.5778120239445255157496522
35077.1635991982606979312	-0.5462507277436529244424408
44284.7160271638210601620	0.4748475660723809994193834
55909.1976767290501250970	-0.3751246844243705707848849
70585.0384800527039915814	0.2627108528541477676016024
89113.202554581995133645	-0.1544254075174039398800012
112504.902462837469660100	0.06546829851668973050293682
142036.788212385490952215	-0.005425200371892414038874774
179320.623048884985656894	-0.02398892241101362486130710
226391.248741544934526486	0.02911160529421018312925604
285817.641246895955788118	-0.02099156730854153253873775
360843.117841542771028050	0.01036240937324059220605040
455562.347815784476355309	-0.003298648863971724389517838
575144.827449821688631829	0.0005248476459767800899046260    
 7.505   0.79900581904
SP   3   1.00
     15.5396160             -0.1107775              0.0708743        
      3.5999336             -0.1480263              0.3397528        
      1.0137618              1.1307670              0.7271586        
SP   1   1.00
      0.2700058              1.0000000              1.0000000         
SP   1   1.00
      0.0845000              1.0000000              1.0000000  
****
