C 0
S   50   1.00
6.14825052766491894040804138784405942288	0.01475561566303765954101528782832914947571
7.57587791458799756801765728724393568157	-0.1772352430779713942629557257259848258687
9.33500122002025371509124673910462887800	1.089164501470622562217625319557115417916
11.50259399111749308180594414924598950246	-4.485495322915408049947487420835932677519
14.17350307793587973643121085619550544466	13.07565393444412351668670143280056694567
17.46459882487265711224011365356901426232	-24.09694384836934234092077939591407339916
21.51988893899919585425930359221413756997	35.67145595347664816715011982955653378409
26.51681980162728781573868433344776857987	-44.67560429765020025162446880901018053689
32.6740409481255134761392475373427750837	51.02178034822488324964019610231791938816
40.2609724645135090325017572749200440401	-54.13277508942986178922548038616397626060
49.6095939391698501444333501987311226347	55.07381721419063747699587954268602979494
61.1289708160569295694269375388879502610	-54.04008871796276919573545408007533115231
75.3231537757043230307855682218586535383	51.94380293011203793950841007541469950568
92.8132343629790810621450174962369109795	-48.95848231691501576598872157809954073684
114.3645219445902222579251658365270402147	45.63302004707233627197585344371351374162
140.9200311721024083028334651968555039128	-42.03132076440354922316395622743282673824
173.6417452535478176290038609782681212289	38.44558077300268266049054539927672425692
213.961460580963918482212241567135539501	-34.87566019077128011640990465932552310004
263.643437510335769409107329940055970420	31.46657806634515107029739553343965268753
324.861598689471713567126700788540275517	-28.19224418657710275532766344029306894771
400.294652882994732375631652770273336394	25.11897774332562122839660223781186710796
493.243306605417656035786456071784637669	-22.21409587536309217670332637725574032948
607.774692364324160107281672416142384386	19.50338138731283469237251150950722992797
748.900333226522060861045547492678048577	-16.95582450311297780742782029405281169653
922.795430861078223989917896708725057754	14.57740890264796548648928950267682430195
1137.069072394860012783623404612749379554	-12.34206882388601778879590215168360873817
1401.09717945878116219304366818879627554	10.24754852404576044499882311315131531030
1726.43276819831817617466230015861686299	-8.274316244533621647923168425373385617687
2127.31147189965000299988619559715263066	6.418986907215390383235559106037380449544
2621.27444626677116968749568309900764312	-4.670147712767198650678193548172515133002
3229.93591367014067199147309116458949492	3.028588449814639305129757073747973047442
3979.92893162108677556682308206109127490	-1.493334426749174349621311528119879519456
4904.07076924196171630728154577422864062	0.07404551737116565434991448576199947629777
6042.79888483776135212477895589275337478	1.217051798368961410723057212930585639962
7445.94033830404939661670414840089656475	-2.357920519754073393879905124812894188941
9174.89206213619397341241764198370191149	3.322263156132519558268366556412743692778
11305.3073926486744787861626653628181139	-4.076992482447112229432937952426024764672
13930.4064153228545113661337715499619162	4.588702017128986529584294601122316187846
17165.0549742905750659321327788009617067	-4.826992388175366897437043199658015916257
21150.7908302177834485803575856825387574	4.774588542296126177009063278309298204438
26062.0168950034905350939215376070077724	-4.435947418343068382228257547103301901573
32113.6325392166702332873369597420101181	3.847855171679865376090046154242335810533
39570.4368936062575225433601672569044105	-3.083412366456453309975480031837079988445
48758.7156027497285687349928563920704538	2.247670516944027428628632803437580474225
60080.5180297104373573901397372193553521	-1.458634175103054355507610067162243438656
74031.2496360095894662271195196734713064	0.8177491739269867986568140775595391392309
91221.349322569818524658156103729933569	-0.3791781619298355643851145740943830977402
112403.000261969415613573046131298878149	0.1359272548200562866902585793226378181560
138503.043001648606061484151174990093239	-0.03338781291958532631893825640355022157718
170663.531009029095553197543705938821688	0.004216206731279500280423577541152472535936
SP   3   1.00
      7.8682724             -0.1193324              0.0689991        
      1.8812885             -0.1608542              0.3164240        
      0.5442493              1.1434564              0.7443083        
SP   1   1.00
      0.1687144              1.0000000              1.0000000 
****
